Simulationsschritt	Durchschnittsdichte
0	1.00084
1	1.00083
2	1.00082
3	1.00081
4	1.0008
5	1.00079
6	1.00078
7	1.00077
8	1.00076
9	1.00075
10	1.00074
11	1.00073
12	1.00073
13	1.00072
14	1.00071
15	1.0007
16	1.0007
17	1.0007
18	1.00069
19	1.00069
20	1.00068
21	1.00068
22	1.00068
23	1.00068
24	1.00067
25	1.00067
26	1.00067
27	1.00067
28	1.00067
29	1.00067
30	1.00067
31	1.00068
32	1.00068
33	1.00068
34	1.00069
35	1.00069
36	1.00069
37	1.0007
38	1.0007
39	1.00071
40	1.00071
41	1.00072
42	1.00072
43	1.00073
44	1.00074
45	1.00075
46	1.00075
47	1.00076
48	1.00077
49	1.00078
50	1.00079
51	1.0008
52	1.00081
53	1.00082
54	1.00083
55	1.00084
56	1.00085
57	1.00087
58	1.00088
59	1.00089
60	1.0009
61	1.00092
62	1.00093
63	1.00095
64	1.00096
65	1.00098
66	1.001
67	1.00101
68	1.00103
69	1.00105
70	1.00106
71	1.00108
72	1.0011
73	1.00111
74	1.00112
75	1.00114
76	1.00115
77	1.00116
78	1.00117
79	1.00119
80	1.0012
81	1.00121
82	1.00122
83	1.00123
84	1.00124
85	1.00125
86	1.00126
87	1.00126
88	1.00127
89	1.00128
90	1.00128
91	1.00129
92	1.00129
93	1.00129
94	1.0013
95	1.0013
96	1.0013
97	1.0013
98	1.0013
99	1.0013
100	1.0013
101	1.0013
102	1.0013
103	1.0013
104	1.0013
105	1.00129
106	1.00129
107	1.00129
108	1.00128
109	1.00128
110	1.00127
111	1.00127
112	1.00126
113	1.00125
114	1.00125
115	1.00124
116	1.00123
117	1.00122
118	1.00121
119	1.00121
120	1.0012
121	1.00119
122	1.00118
123	1.00118
124	1.00118
125	1.00118
126	1.00118
127	1.00118
128	1.00119
129	1.00119
130	1.0012
131	1.0012
132	1.0012
133	1.0012
134	1.0012
135	1.00121
136	1.00121
137	1.00121
138	1.00121
139	1.00121
140	1.00122
141	1.00122
142	1.00122
143	1.00122
144	1.00122
145	1.00123
146	1.00123
147	1.00123
148	1.00122
149	1.00123
150	1.00123
151	1.00123
152	1.00123
153	1.00123
154	1.00123
155	1.00123
156	1.00124
157	1.00124
158	1.00124
159	1.00124
160	1.00124
161	1.00124
162	1.00124
163	1.00125
164	1.00125
165	1.00125
166	1.00125
167	1.00124
168	1.00124
169	1.00124
170	1.00123
171	1.00123
172	1.00122
173	1.00122
174	1.00121
175	1.0012
176	1.0012
177	1.00119
178	1.00118
179	1.00117
180	1.00116
181	1.00115
182	1.00114
183	1.00112
184	1.00112
185	1.00111
186	1.0011
187	1.00108
188	1.00107
189	1.00106
190	1.00105
191	1.00103
192	1.00102
193	1.001
194	1.00099
195	1.00097
196	1.00096
197	1.00094
198	1.00093
199	1.00091
200	1.00089
201	1.00088
202	1.00086
203	1.00085
204	1.00084
205	1.00082
206	1.00081
207	1.0008
208	1.00079
209	1.00078
210	1.00077
211	1.00076
212	1.00075
213	1.00075
214	1.00074
215	1.00074
216	1.00073
217	1.00073
218	1.00072
219	1.00072
220	1.00072
221	1.00071
222	1.00071
223	1.0007
224	1.0007
225	1.0007
226	1.0007
227	1.00069
228	1.00069
229	1.00069
230	1.00068
231	1.00068
232	1.00068
233	1.00068
234	1.00068
235	1.00067
236	1.00067
237	1.00067
238	1.00068
239	1.00068
240	1.00068
241	1.00068
242	1.00068
243	1.00068
244	1.00068
245	1.00068
246	1.00068
247	1.00068
248	1.00068
249	1.00068
250	1.00069
251	1.00069
252	1.00069
253	1.0007
254	1.0007
255	1.0007
256	1.00071
257	1.00071
258	1.00071
259	1.00071
260	1.00071
261	1.00072
262	1.00072
263	1.00072
264	1.00072
265	1.00072
266	1.00073
267	1.00073
268	1.00073
269	1.00073
270	1.00074
271	1.00074
272	1.00074
273	1.00074
274	1.00075
275	1.00075
276	1.00075
277	1.00075
278	1.00075
279	1.00075
280	1.00075
281	1.00075
282	1.00075
283	1.00075
284	1.00075
285	1.00075
286	1.00075
287	1.00075
288	1.00075
289	1.00075
290	1.00076
291	1.00076
292	1.00076
293	1.00076
294	1.00076
295	1.00077
296	1.00077
297	1.00077
298	1.00077
299	1.00078
300	1.00078
301	1.00079
302	1.0008
303	1.0008
304	1.00081
305	1.00082
306	1.00083
307	1.00084
308	1.00085
309	1.00086
310	1.00087
311	1.00088
312	1.00089
313	1.0009
314	1.00091
315	1.00091
316	1.00092
317	1.00093
318	1.00094
319	1.00095
320	1.00095
321	1.00096
322	1.00097
323	1.00097
324	1.00098
325	1.00099
326	1.001
327	1.001
328	1.00101
329	1.00102
330	1.00103
331	1.00104
332	1.00104
333	1.00105
334	1.00106
335	1.00107
336	1.00108
337	1.00109
338	1.00109
339	1.0011
340	1.00111
341	1.00112
342	1.00113
343	1.00114
344	1.00115
345	1.00116
346	1.00117
347	1.00117
348	1.00118
349	1.00118
350	1.00119
351	1.00119
352	1.0012
353	1.00121
354	1.00121
355	1.00121
356	1.00122
357	1.00123
358	1.00123
359	1.00124
360	1.00124
361	1.00125
362	1.00125
363	1.00125
364	1.00126
365	1.00126
366	1.00126
367	1.00127
368	1.00127
369	1.00127
370	1.00128
371	1.00128
372	1.00128
373	1.00129
374	1.00129
375	1.00129
376	1.0013
377	1.0013
378	1.0013
379	1.0013
380	1.0013
381	1.0013
382	1.0013
383	1.0013
384	1.0013
385	1.0013
386	1.0013
387	1.00129
388	1.00129
389	1.00128
390	1.00128
391	1.00128
392	1.00128
393	1.00128
394	1.00128
395	1.00128
396	1.00128
397	1.00129
398	1.00129
399	1.00128
400	1.00129
401	1.00129
402	1.00128
403	1.00128
404	1.00128
405	1.00128
406	1.00128
407	1.00128
408	1.00128
409	1.00128
410	1.00128
411	1.00127
412	1.00127
413	1.00126
414	1.00125
415	1.00124
416	1.00123
417	1.00122
418	1.00122
419	1.00121
420	1.00121
421	1.00121
422	1.00121
423	1.00121
424	1.0012
425	1.0012
426	1.0012
427	1.00119
428	1.00119
429	1.00119
430	1.00118
431	1.00118
432	1.00117
433	1.00116
434	1.00115
435	1.00114
436	1.00113
437	1.00112
438	1.00112
439	1.00111
440	1.00111
441	1.00111
442	1.00111
443	1.00111
444	1.0011
445	1.00111
446	1.00111
447	1.0011
448	1.0011
449	1.0011
450	1.00109
451	1.00109
452	1.00108
453	1.00106
454	1.00105
455	1.00104
456	1.00103
457	1.00102
458	1.00101
459	1.001
460	1.001
461	1.00099
462	1.00099
463	1.00099
464	1.00098
465	1.00098
466	1.00097
467	1.00097
468	1.00096
469	1.00096
470	1.00095
471	1.00094
472	1.00093
473	1.00093
474	1.00093
475	1.00093
476	1.00092
477	1.00091
478	1.00091
479	1.0009
480	1.0009
481	1.00089
482	1.00088
483	1.00088
484	1.00087
485	1.00086
486	1.00085
487	1.00083
488	1.00082
489	1.00081
490	1.0008
491	1.0008
492	1.0008
493	1.00081
494	1.00081
495	1.00081
496	1.00081
497	1.00081
498	1.0008
499	1.0008
500	1.00079
501	1.00079
502	1.00078
503	1.00077
504	1.00077
505	1.00076
506	1.00075
507	1.00074
508	1.00073
509	1.00073
510	1.00073
511	1.00073
512	1.00072
513	1.00072
514	1.00072
515	1.00071
516	1.00071
517	1.00071
518	1.00071
519	1.00072
520	1.00073
521	1.00074
522	1.00074
523	1.00074
524	1.00073
525	1.00073
526	1.00072
527	1.00071
528	1.0007
529	1.0007
530	1.00071
531	1.00071
532	1.00071
533	1.00072
534	1.00072
535	1.00073
536	1.00073
537	1.00074
538	1.00075
539	1.00075
540	1.00076
541	1.00077
542	1.00079
543	1.0008
544	1.00081
545	1.00081
546	1.00082
547	1.00083
548	1.00084
549	1.00085
550	1.00086
551	1.00087
552	1.00087
553	1.00088
554	1.00088
555	1.00089
556	1.00089
557	1.0009
558	1.00091
559	1.00091
560	1.00091
561	1.00091
562	1.00091
563	1.0009
564	1.00089
565	1.00089
566	1.00088
567	1.00088
568	1.00087
569	1.00086
570	1.00085
571	1.00085
572	1.00084
573	1.00084
574	1.00083
575	1.00083
576	1.00082
577	1.00082
578	1.00083
579	1.00083
580	1.00083
581	1.00083
582	1.00083
583	1.00083
584	1.00082
585	1.00082
586	1.00082
587	1.00082
588	1.00083
589	1.00083
590	1.00083
591	1.00083
592	1.00084
593	1.00085
594	1.00085
595	1.00085
596	1.00085
597	1.00086
598	1.00087
599	1.00088
600	1.00088
601	1.00089
602	1.00089
603	1.00089
604	1.00088
605	1.00087
606	1.00087
607	1.00087
608	1.00087
609	1.00087
610	1.00087
611	1.00088
612	1.00088
613	1.00087
614	1.00087
615	1.00087
616	1.00086
617	1.00086
618	1.00086
619	1.00086
620	1.00085
621	1.00084
622	1.00084
623	1.00084
624	1.00084
625	1.00084
626	1.00084
627	1.00084
628	1.00085
629	1.00086
630	1.00087
631	1.00088
632	1.00088
633	1.00088
634	1.00088
635	1.00088
636	1.00088
637	1.00088
638	1.00089
639	1.0009
640	1.0009
641	1.00091
642	1.00091
643	1.00092
644	1.00092
645	1.00092
646	1.00093
647	1.00093
648	1.00093
649	1.00093
650	1.00093
651	1.00093
652	1.00094
653	1.00094
654	1.00096
655	1.00097
656	1.00098
657	1.001
658	1.00101
659	1.00102
660	1.00103
661	1.00104
662	1.00105
663	1.00105
664	1.00105
665	1.00104
666	1.00104
667	1.00104
668	1.00104
669	1.00104
670	1.00104
671	1.00104
672	1.00104
673	1.00105
674	1.00105
675	1.00104
676	1.00105
677	1.00105
678	1.00105
679	1.00105
680	1.00106
681	1.00107
682	1.00107
683	1.00107
684	1.00107
685	1.00106
686	1.00106
687	1.00106
688	1.00106
689	1.00106
690	1.00106
691	1.00107
692	1.00107
693	1.00107
694	1.00107
695	1.00107
696	1.00107
697	1.00107
698	1.00107
699	1.00107
700	1.00107
701	1.00107
702	1.00106
703	1.00106
704	1.00106
705	1.00106
706	1.00106
707	1.00106
708	1.00106
709	1.00105
710	1.00106
711	1.00105
712	1.00105
713	1.00105
714	1.00105
715	1.00106
716	1.00106
717	1.00106
718	1.00105
719	1.00105
720	1.00105
721	1.00105
722	1.00104
723	1.00105
724	1.00105
725	1.00105
726	1.00105
727	1.00106
728	1.00106
729	1.00108
730	1.00109
731	1.00109
732	1.0011
733	1.0011
734	1.0011
735	1.0011
736	1.0011
737	1.00108
738	1.00107
739	1.00106
740	1.00106
741	1.00106
742	1.00105
743	1.00105
744	1.00105
745	1.00105
746	1.00105
747	1.00104
748	1.00104
749	1.00104
750	1.00104
751	1.00104
752	1.00103
753	1.00102
754	1.00102
755	1.00101
756	1.00101
757	1.00101
758	1.00101
759	1.00101
760	1.00101
761	1.00101
762	1.00101
763	1.00101
764	1.001
765	1.001
766	1.001
767	1.001
768	1.00099
769	1.00098
770	1.00098
771	1.00097
772	1.00096
773	1.00095
774	1.00094
775	1.00093
776	1.00092
777	1.00091
778	1.0009
779	1.0009
780	1.00089
781	1.00089
782	1.00089
783	1.00089
784	1.00089
785	1.00088
786	1.00088
787	1.00087
788	1.00086
789	1.00086
790	1.00086
791	1.00086
792	1.00086
793	1.00086
794	1.00085
795	1.00086
796	1.00086
797	1.00086
798	1.00087
799	1.00087
800	1.00087
801	1.00087
802	1.00088
803	1.00088
804	1.00089
805	1.0009
806	1.0009
807	1.00091
808	1.00091
809	1.00092
810	1.00092
811	1.00093
812	1.00094
813	1.00095
814	1.00095
815	1.00095
816	1.00096
817	1.00096
818	1.00096
819	1.00097
820	1.00097
821	1.00097
822	1.00096
823	1.00095
824	1.00094
825	1.00094
826	1.00093
827	1.00092
828	1.00092
829	1.00092
830	1.00092
831	1.00092
832	1.00092
833	1.00091
834	1.00091
835	1.00091
836	1.0009
837	1.0009
838	1.00089
839	1.00089
840	1.0009
841	1.0009
842	1.00089
843	1.00089
844	1.00089
845	1.00089
846	1.00089
847	1.00089
848	1.00089
849	1.00089
850	1.00089
851	1.0009
852	1.0009
853	1.00091
854	1.00091
855	1.00091
856	1.00092
857	1.00093
858	1.00093
859	1.00093
860	1.00093
861	1.00093
862	1.00093
863	1.00093
864	1.00092
865	1.00092
866	1.00092
867	1.00092
868	1.00092
869	1.00092
870	1.00092
871	1.00092
872	1.00093
873	1.00094
874	1.00094
875	1.00095
876	1.00095
877	1.00096
878	1.00097
879	1.00097
880	1.00097
881	1.00097
882	1.00097
883	1.00097
884	1.00097
885	1.00097
886	1.00098
887	1.00098
888	1.00099
889	1.00099
890	1.00099
891	1.00099
892	1.00099
893	1.00099
894	1.001
895	1.001
896	1.001
897	1.00101
898	1.00101
899	1.00101
900	1.00101
901	1.00101
902	1.00101
903	1.001
904	1.001
905	1.001
906	1.001
907	1.00099
908	1.00099
909	1.00099
910	1.00099
911	1.00098
912	1.00098
913	1.00098
914	1.00098
915	1.00098
916	1.00098
917	1.00099
918	1.001
919	1.001
920	1.00101
921	1.00101
922	1.00101
923	1.00101
924	1.00101
925	1.00101
926	1.00101
927	1.001
928	1.001
929	1.00099
930	1.00098
931	1.00098
932	1.00098
933	1.00098
934	1.00099
935	1.001
936	1.001
937	1.001
938	1.001
939	1.001
940	1.00101
941	1.00101
942	1.00101
943	1.00101
944	1.00101
945	1.00102
946	1.00102
947	1.00103
948	1.00103
949	1.00103
950	1.00103
951	1.00103
952	1.00103
953	1.00103
954	1.00103
955	1.00104
956	1.00104
957	1.00104
958	1.00105
959	1.00105
960	1.00105
961	1.00106
962	1.00106
963	1.00107
964	1.00107
965	1.00107
966	1.00108
967	1.00108
968	1.00109
969	1.0011
970	1.00111
971	1.00111
972	1.00111
973	1.00111
974	1.00112
975	1.00112
976	1.00112
977	1.00112
978	1.00113
979	1.00113
980	1.00113
981	1.00114
982	1.00114
983	1.00114
984	1.00115
985	1.00115
986	1.00115
987	1.00116
988	1.00116
989	1.00116
990	1.00115
991	1.00115
992	1.00115
993	1.00114
994	1.00114
995	1.00113
996	1.00113
997	1.00112
998	1.00112
999	1.00111
1000	1.00111
1001	1.0011
1002	1.00109
1003	1.00109
1004	1.00108
1005	1.00108
1006	1.00107
1007	1.00107
1008	1.00106
1009	1.00105
1010	1.00104
1011	1.00103
1012	1.00103
1013	1.00102
1014	1.00102
1015	1.00102
1016	1.00101
1017	1.00101
1018	1.00101
1019	1.001
1020	1.001
1021	1.001
1022	1.001
1023	1.001
1024	1.001
1025	1.00099
1026	1.00099
1027	1.00098
1028	1.00098
1029	1.00098
1030	1.00097
1031	1.00097
1032	1.00097
1033	1.00097
1034	1.00097
1035	1.00097
1036	1.00097
1037	1.00098
1038	1.00098
1039	1.00098
1040	1.00098
1041	1.00098
1042	1.00099
1043	1.00098
1044	1.00099
1045	1.00099
1046	1.00099
1047	1.00099
1048	1.00099
1049	1.001
1050	1.001
1051	1.001
1052	1.001
1053	1.001
1054	1.001
1055	1.00101
1056	1.00101
1057	1.00101
1058	1.00101
1059	1.00101
1060	1.00102
1061	1.00102
1062	1.00102
1063	1.00102
1064	1.00102
1065	1.00101
1066	1.00101
1067	1.00101
1068	1.00101
1069	1.00101
1070	1.00101
1071	1.001
1072	1.001
1073	1.001
1074	1.00099
1075	1.00099
1076	1.00098
1077	1.00097
1078	1.00097
1079	1.00096
1080	1.00096
1081	1.00095
1082	1.00095
1083	1.00095
1084	1.00094
1085	1.00094
1086	1.00093
1087	1.00093
1088	1.00093
1089	1.00092
1090	1.00092
1091	1.00091
1092	1.00091
1093	1.0009
1094	1.0009
1095	1.0009
1096	1.0009
1097	1.00089
1098	1.00089
1099	1.00089
1100	1.00089
1101	1.00089
1102	1.00089
1103	1.00089
1104	1.00089
1105	1.00089
1106	1.00089
1107	1.00089
1108	1.0009
1109	1.0009
1110	1.0009
1111	1.0009
1112	1.0009
1113	1.0009
1114	1.0009
1115	1.0009
1116	1.0009
1117	1.0009
1118	1.0009
1119	1.0009
1120	1.0009
1121	1.00089
1122	1.00089
1123	1.0009
1124	1.0009
1125	1.0009
1126	1.00091
1127	1.00091
1128	1.00091
1129	1.00092
1130	1.00092
1131	1.00092
1132	1.00092
1133	1.00093
1134	1.00093
1135	1.00093
1136	1.00093
1137	1.00094
1138	1.00094
1139	1.00094
1140	1.00095
1141	1.00095
1142	1.00095
1143	1.00095
1144	1.00096
1145	1.00096
1146	1.00096
1147	1.00096
1148	1.00097
1149	1.00097
1150	1.00097
1151	1.00097
1152	1.00097
1153	1.00097
1154	1.00098
1155	1.00098
1156	1.00098
1157	1.00098
1158	1.00098
1159	1.00098
1160	1.00099
1161	1.00099
1162	1.00099
1163	1.00099
1164	1.00099
1165	1.00099
1166	1.00099
1167	1.00099
1168	1.00099
1169	1.00099
1170	1.00099
1171	1.001
1172	1.001
1173	1.001
1174	1.001
1175	1.001
1176	1.001
1177	1.001
1178	1.001
1179	1.00101
1180	1.00101
1181	1.001
1182	1.001
1183	1.001
1184	1.001
1185	1.001
1186	1.00101
1187	1.00101
1188	1.00101
1189	1.00101
1190	1.00101
1191	1.00101
1192	1.00101
1193	1.00101
1194	1.00102
1195	1.00102
1196	1.00102
1197	1.00102
1198	1.00103
1199	1.00103
1200	1.00103
1201	1.00103
1202	1.00104
1203	1.00104
1204	1.00104
1205	1.00105
1206	1.00105
1207	1.00105
1208	1.00106
1209	1.00106
1210	1.00106
1211	1.00107
1212	1.00107
1213	1.00107
1214	1.00107
1215	1.00108
1216	1.00108
1217	1.00108
1218	1.00108
1219	1.00108
1220	1.00109
1221	1.00109
1222	1.00109
1223	1.00109
1224	1.0011
1225	1.0011
1226	1.0011
1227	1.0011
1228	1.0011
1229	1.0011
1230	1.0011
1231	1.0011
1232	1.0011
1233	1.0011
1234	1.0011
1235	1.0011
1236	1.0011
1237	1.0011
1238	1.0011
1239	1.00109
1240	1.00109
1241	1.00109
1242	1.00109
1243	1.00109
1244	1.00109
1245	1.00109
1246	1.00109
1247	1.00109
1248	1.00109
1249	1.00109
1250	1.00109
1251	1.00109
1252	1.00109
1253	1.00109
1254	1.0011
1255	1.0011
1256	1.0011
1257	1.0011
1258	1.0011
1259	1.0011
1260	1.0011
1261	1.00109
1262	1.00109
1263	1.00109
1264	1.00109
1265	1.00109
1266	1.00109
1267	1.00109
1268	1.00109
1269	1.00109
1270	1.00109
1271	1.00109
1272	1.00109
1273	1.00109
1274	1.00108
1275	1.00108
1276	1.00108
1277	1.00108
1278	1.00108
1279	1.00108
1280	1.00107
1281	1.00107
1282	1.00106
1283	1.00106
1284	1.00106
1285	1.00106
1286	1.00105
1287	1.00105
1288	1.00105
1289	1.00105
1290	1.00105
1291	1.00104
1292	1.00104
1293	1.00104
1294	1.00104
1295	1.00104
1296	1.00104
1297	1.00104
1298	1.00104
1299	1.00104
1300	1.00104
1301	1.00104
1302	1.00103
1303	1.00103
1304	1.00103
1305	1.00103
1306	1.00103
1307	1.00103
1308	1.00102
1309	1.00102
1310	1.00102
1311	1.00102
1312	1.00102
1313	1.00101
1314	1.00101
1315	1.00101
1316	1.00101
1317	1.00101
1318	1.001
1319	1.001
1320	1.001
1321	1.001
1322	1.001
1323	1.001
1324	1.001
1325	1.00099
1326	1.00099
1327	1.00099
1328	1.00098
1329	1.00098
1330	1.00097
1331	1.00097
1332	1.00097
1333	1.00097
1334	1.00096
1335	1.00096
1336	1.00096
1337	1.00096
1338	1.00096
1339	1.00095
1340	1.00095
1341	1.00095
1342	1.00095
1343	1.00095
1344	1.00095
1345	1.00094
1346	1.00094
1347	1.00094
1348	1.00094
1349	1.00094
1350	1.00094
1351	1.00094
1352	1.00094
1353	1.00094
1354	1.00094
1355	1.00094
1356	1.00094
1357	1.00094
1358	1.00094
1359	1.00094
1360	1.00093
1361	1.00093
1362	1.00093
1363	1.00093
1364	1.00093
1365	1.00093
1366	1.00093
1367	1.00093
1368	1.00093
1369	1.00093
1370	1.00093
1371	1.00093
1372	1.00093
1373	1.00093
1374	1.00093
1375	1.00093
1376	1.00093
1377	1.00093
1378	1.00093
1379	1.00093
1380	1.00093
1381	1.00093
1382	1.00093
1383	1.00093
1384	1.00093
1385	1.00093
1386	1.00093
1387	1.00093
1388	1.00093
1389	1.00093
1390	1.00093
1391	1.00093
1392	1.00093
1393	1.00093
1394	1.00093
1395	1.00093
1396	1.00093
1397	1.00093
1398	1.00093
1399	1.00093
1400	1.00093
1401	1.00093
1402	1.00093
1403	1.00093
1404	1.00093
1405	1.00094
1406	1.00094
1407	1.00094
1408	1.00094
1409	1.00094
1410	1.00094
1411	1.00095
1412	1.00095
1413	1.00095
1414	1.00096
1415	1.00096
1416	1.00096
1417	1.00097
1418	1.00097
1419	1.00097
1420	1.00097
1421	1.00097
1422	1.00097
1423	1.00098
1424	1.00098
1425	1.00098
1426	1.00098
1427	1.00098
1428	1.00098
1429	1.00099
1430	1.00099
1431	1.00099
1432	1.00099
1433	1.001
1434	1.001
1435	1.001
1436	1.00101
1437	1.00101
1438	1.00101
1439	1.00101
1440	1.00102
1441	1.00102
1442	1.00102
1443	1.00102
1444	1.00103
1445	1.00103
1446	1.00103
1447	1.00103
1448	1.00104
1449	1.00104
1450	1.00104
1451	1.00104
1452	1.00104
1453	1.00104
1454	1.00104
1455	1.00104
1456	1.00104
1457	1.00104
1458	1.00104
1459	1.00104
1460	1.00104
1461	1.00105
1462	1.00105
1463	1.00105
1464	1.00105
1465	1.00105
1466	1.00105
1467	1.00105
1468	1.00105
1469	1.00106
1470	1.00106
1471	1.00106
1472	1.00106
1473	1.00106
1474	1.00107
1475	1.00107
1476	1.00107
1477	1.00107
1478	1.00107
1479	1.00107
1480	1.00107
1481	1.00107
1482	1.00107
1483	1.00107
1484	1.00108
1485	1.00108
1486	1.00108
1487	1.00108
1488	1.00108
1489	1.00108
1490	1.00108
1491	1.00108
1492	1.00108
1493	1.00108
1494	1.00108
1495	1.00108
1496	1.00108
1497	1.00108
1498	1.00108
1499	1.00108
1500	1.00108
1501	1.00108
1502	1.00108
1503	1.00108
1504	1.00108
1505	1.00108
1506	1.00108
1507	1.00108
1508	1.00108
1509	1.00109
1510	1.00109
1511	1.00109
1512	1.00109
1513	1.00109
1514	1.00109
1515	1.00109
1516	1.00109
1517	1.00109
1518	1.00109
1519	1.00109
1520	1.00108
1521	1.00108
1522	1.00108
1523	1.00108
1524	1.00108
1525	1.00107
1526	1.00107
1527	1.00107
1528	1.00107
1529	1.00107
1530	1.00107
1531	1.00107
1532	1.00107
1533	1.00107
1534	1.00107
1535	1.00107
1536	1.00107
1537	1.00106
1538	1.00106
1539	1.00106
1540	1.00106
1541	1.00106
1542	1.00105
1543	1.00105
1544	1.00105
1545	1.00105
1546	1.00104
1547	1.00104
1548	1.00104
1549	1.00104
1550	1.00103
1551	1.00103
1552	1.00103
1553	1.00102
1554	1.00102
1555	1.00102
1556	1.00101
1557	1.00101
1558	1.00101
1559	1.00101
1560	1.001
1561	1.001
1562	1.001
1563	1.00099
1564	1.00099
1565	1.00098
1566	1.00098
1567	1.00097
1568	1.00097
1569	1.00097
1570	1.00096
1571	1.00096
1572	1.00096
1573	1.00095
1574	1.00095
1575	1.00095
1576	1.00094
1577	1.00094
1578	1.00094
1579	1.00094
1580	1.00094
1581	1.00094
1582	1.00094
1583	1.00094
1584	1.00094
1585	1.00094
1586	1.00094
1587	1.00094
1588	1.00094
1589	1.00094
1590	1.00094
1591	1.00094
1592	1.00094
1593	1.00094
1594	1.00093
1595	1.00093
1596	1.00093
1597	1.00093
1598	1.00093
1599	1.00093
1600	1.00093
1601	1.00093
1602	1.00093
1603	1.00093
1604	1.00093
1605	1.00093
1606	1.00093
1607	1.00093
1608	1.00093
1609	1.00093
1610	1.00093
1611	1.00093
1612	1.00093
1613	1.00093
1614	1.00092
1615	1.00092
1616	1.00092
1617	1.00092
1618	1.00092
1619	1.00092
1620	1.00092
1621	1.00092
1622	1.00092
1623	1.00092
1624	1.00093
1625	1.00093
1626	1.00093
1627	1.00093
1628	1.00093
1629	1.00093
1630	1.00093
1631	1.00093
1632	1.00093
1633	1.00093
1634	1.00093
1635	1.00093
1636	1.00093
1637	1.00093
1638	1.00093
1639	1.00093
1640	1.00093
1641	1.00093
1642	1.00093
1643	1.00094
1644	1.00094
1645	1.00094
1646	1.00094
1647	1.00094
1648	1.00094
1649	1.00094
1650	1.00095
1651	1.00095
1652	1.00095
1653	1.00095
1654	1.00095
1655	1.00095
1656	1.00096
1657	1.00096
1658	1.00096
1659	1.00096
1660	1.00096
1661	1.00096
1662	1.00096
1663	1.00097
1664	1.00097
1665	1.00097
1666	1.00097
1667	1.00097
1668	1.00097
1669	1.00097
1670	1.00097
1671	1.00097
1672	1.00098
1673	1.00098
1674	1.00098
1675	1.00098
1676	1.00098
1677	1.00099
1678	1.00099
1679	1.00099
1680	1.001
1681	1.001
1682	1.00101
1683	1.00101
1684	1.00101
1685	1.00101
1686	1.00102
1687	1.00102
1688	1.00102
1689	1.00102
1690	1.00103
1691	1.00103
1692	1.00103
1693	1.00103
1694	1.00103
1695	1.00104
1696	1.00104
1697	1.00104
1698	1.00104
1699	1.00104
1700	1.00104
1701	1.00104
1702	1.00104
1703	1.00104
1704	1.00104
1705	1.00104
1706	1.00105
1707	1.00105
1708	1.00105
1709	1.00105
1710	1.00104
1711	1.00104
1712	1.00104
1713	1.00104
1714	1.00104
1715	1.00104
1716	1.00104
1717	1.00104
1718	1.00104
1719	1.00104
1720	1.00105
1721	1.00105
1722	1.00105
1723	1.00105
1724	1.00105
1725	1.00105
1726	1.00105
1727	1.00105
1728	1.00105
1729	1.00105
1730	1.00105
1731	1.00105
1732	1.00105
1733	1.00105
1734	1.00105
1735	1.00105
1736	1.00104
1737	1.00104
1738	1.00104
1739	1.00104
1740	1.00104
1741	1.00104
1742	1.00104
1743	1.00104
1744	1.00104
1745	1.00104
1746	1.00104
1747	1.00104
1748	1.00104
1749	1.00104
1750	1.00104
1751	1.00104
1752	1.00104
1753	1.00104
1754	1.00105
1755	1.00104
1756	1.00105
1757	1.00105
1758	1.00105
1759	1.00105
1760	1.00105
1761	1.00104
1762	1.00104
1763	1.00104
1764	1.00104
1765	1.00104
1766	1.00104
1767	1.00104
1768	1.00104
1769	1.00104
1770	1.00104
1771	1.00104
1772	1.00104
1773	1.00104
1774	1.00104
1775	1.00104
1776	1.00104
1777	1.00104
1778	1.00104
1779	1.00103
1780	1.00103
1781	1.00103
1782	1.00103
1783	1.00103
1784	1.00102
1785	1.00102
1786	1.00102
1787	1.00102
1788	1.00102
1789	1.00101
1790	1.00101
1791	1.00101
1792	1.00101
1793	1.001
1794	1.001
1795	1.001
1796	1.001
1797	1.001
1798	1.001
1799	1.001
1800	1.001
1801	1.001
1802	1.00099
1803	1.00099
1804	1.00099
1805	1.00099
1806	1.00099
1807	1.00099
1808	1.00099
1809	1.00098
1810	1.00098
1811	1.00098
1812	1.00098
1813	1.00098
1814	1.00097
1815	1.00097
1816	1.00097
1817	1.00097
1818	1.00097
1819	1.00096
1820	1.00096
1821	1.00096
1822	1.00096
1823	1.00096
1824	1.00096
1825	1.00096
1826	1.00095
1827	1.00096
1828	1.00095
1829	1.00095
1830	1.00095
1831	1.00095
1832	1.00095
1833	1.00095
1834	1.00094
1835	1.00094
1836	1.00094
1837	1.00094
1838	1.00094
1839	1.00094
1840	1.00094
1841	1.00093
1842	1.00093
1843	1.00093
1844	1.00093
1845	1.00093
1846	1.00093
1847	1.00093
1848	1.00093
1849	1.00093
1850	1.00093
1851	1.00093
1852	1.00093
1853	1.00093
1854	1.00093
1855	1.00093
1856	1.00093
1857	1.00094
1858	1.00094
1859	1.00094
1860	1.00094
1861	1.00094
1862	1.00094
1863	1.00094
1864	1.00094
1865	1.00094
1866	1.00095
1867	1.00095
1868	1.00095
1869	1.00095
1870	1.00095
1871	1.00095
1872	1.00095
1873	1.00096
1874	1.00095
1875	1.00096
1876	1.00096
1877	1.00096
1878	1.00096
1879	1.00095
1880	1.00095
1881	1.00095
1882	1.00095
1883	1.00095
1884	1.00095
1885	1.00095
1886	1.00094
1887	1.00094
1888	1.00094
1889	1.00094
1890	1.00094
1891	1.00094
1892	1.00094
1893	1.00094
1894	1.00094
1895	1.00094
1896	1.00094
1897	1.00094
1898	1.00094
1899	1.00094
1900	1.00094
1901	1.00094
1902	1.00094
1903	1.00094
1904	1.00095
1905	1.00095
1906	1.00095
1907	1.00095
1908	1.00095
1909	1.00096
1910	1.00096
1911	1.00096
1912	1.00097
1913	1.00097
1914	1.00097
1915	1.00098
1916	1.00098
1917	1.00098
1918	1.00099
1919	1.00099
1920	1.00099
1921	1.00099
1922	1.001
1923	1.001
1924	1.001
1925	1.001
1926	1.001
1927	1.001
1928	1.001
1929	1.001
1930	1.001
1931	1.001
1932	1.001
1933	1.001
1934	1.001
1935	1.001
1936	1.001
1937	1.001
1938	1.001
1939	1.001
1940	1.00101
1941	1.00101
1942	1.00101
1943	1.00101
1944	1.00101
1945	1.00101
1946	1.00102
1947	1.00102
1948	1.00102
1949	1.00102
1950	1.00103
1951	1.00103
1952	1.00103
1953	1.00104
1954	1.00104
1955	1.00104
1956	1.00104
1957	1.00105
1958	1.00105
1959	1.00105
1960	1.00105
1961	1.00105
1962	1.00106
1963	1.00106
1964	1.00106
1965	1.00106
1966	1.00107
1967	1.00107
1968	1.00107
1969	1.00107
1970	1.00108
1971	1.00108
1972	1.00108
1973	1.00108
1974	1.00108
1975	1.00108
1976	1.00108
1977	1.00108
1978	1.00108
1979	1.00107
1980	1.00108
1981	1.00107
1982	1.00107
1983	1.00107
1984	1.00107
1985	1.00107
1986	1.00106
1987	1.00106
1988	1.00106
1989	1.00106
1990	1.00106
1991	1.00106
1992	1.00105
1993	1.00105
1994	1.00105
1995	1.00105
1996	1.00105
1997	1.00105
1998	1.00105
1999	1.00105

