Iteration	Durchschnittsdichte
1	0.990918
2	0.990931
3	0.991053
4	0.991338
5	0.991655
6	0.992431
7	0.993076
8	0.994183
9	0.995305
10	0.996601
11	0.998051
12	0.999239
13	1.00082
14	1.00207
15	1.00303
16	1.00411
17	1.00476
18	1.00521
19	1.00547
20	1.00556
21	1.0055
22	1.00536
23	1.00514
24	1.00482
25	1.00437
26	1.00377
27	1.00302
28	1.00102
29	1.00052
30	0.999833
31	0.99849
32	0.99708
33	0.995691
34	0.994426
35	0.993321
36	0.992375
37	0.991592
38	0.990972
39	0.99051
40	0.990199
41	0.990028
42	0.989987
43	0.99007
44	0.990291
45	0.990667
46	0.991196
47	0.991881
48	0.992718
49	0.993711
50	0.994842
51	0.996104
52	0.99748
53	0.9989
54	1.00029
55	1.00158
56	1.0027
57	1.00362
58	1.00432
59	1.00483
60	1.00517
61	1.00536
62	1.00538
63	1.00527
64	1.00504
65	1.00469
66	1.00422
67	1.00362
68	1.00287
69	1.00197
70	1.00095
71	0.999824
72	0.998604
73	0.997337
74	0.996083
75	0.994896
76	0.993826
77	0.992887
78	0.992092
79	0.99144
80	0.990927
81	0.990552
82	0.990314
83	0.990211
84	0.990238
85	0.990398
86	0.990703
87	0.991164
88	0.991785
89	0.992563
90	0.993494
91	0.994572
92	0.995565
93	0.997088
94	0.998467
95	0.999841
96	1.00113
97	1.00228
98	1.00323
99	1.00394
100	1.00445
101	1.00479
102	1.00495
103	1.00497
104	1.00486
105	1.00464
106	1.00432
107	1.00388
108	1.00332
109	1.00263
110	1.00183
111	1.00093
112	0.999936
113	0.998866
114	0.997744
115	0.996598
116	0.995477
117	0.994444
118	0.993543
119	0.992782
120	0.992156
121	0.991662
122	0.991298
123	0.991065
124	0.990958
125	0.99098
126	0.991133
127	0.991333
128	0.991853
129	0.99243
130	0.993151
131	0.994003
132	0.994988
133	0.99609
134	0.997275
135	0.998493
136	0.999695
137	1.0008
138	1.00178
139	1.00262
140	1.00331
141	1.00382
142	1.00419
143	1.00443
144	1.00455
145	1.00453
146	1.0044
147	1.00417
148	1.00384
149	1.00338
150	1.0028
151	1.00212
152	1.00133
153	1.00043
154	0.999437
155	0.998379
156	0.997307
157	0.996276
158	0.995328
159	0.994492
160	0.99378
161	0.993199
162	0.992742
163	0.992406
164	0.992191
165	0.992083
166	0.992078
167	0.992169
168	0.992364
169	0.992668
170	0.993098
171	0.993655
172	0.99434
173	0.995148
174	0.996077
175	0.997099
176	0.998165
177	0.99923
178	1.00025
179	1.00121
180	1.00205
181	1.00276
182	1.00332
183	1.00376
184	1.00405
185	1.00423
186	1.00429
187	1.00424
188	1.00409
189	1.00384
190	1.00349
191	1.00303
192	1.00247
193	1.00179
194	1.00099
195	1.00009
196	0.999124
197	0.998127
198	0.99714
199	0.996201
200	0.995342
201	0.994589
202	0.993959
203	0.993456
204	0.993078
205	0.992819
206	0.992676
207	0.992644
208	0.992716
209	0.992886
210	0.993152
211	0.993511
212	0.993969
213	0.994532
214	0.995206
215	0.995993
216	0.996878
217	0.997839
218	0.998839
219	0.999839
220	1.0008
221	1.00168
222	1.00246
223	1.0031
224	1.00362
225	1.004
226	1.00425
227	1.00438
228	1.0044
229	1.00431
230	1.00413
231	1.00385
232	1.00348
233	1.00301
234	1.00244
235	1.00177
236	1.001
237	1.00016
238	0.999257
239	0.998332
240	0.997419
241	0.996549
242	0.995755
243	0.995059
244	0.994484
245	0.994032
246	0.993698
247	0.993479
248	0.993368
249	0.993361
250	0.993455
251	0.993645
252	0.993933
253	0.994318
254	0.994806
255	0.995394
256	0.996079
257	0.996857
258	0.997711
259	0.99862
260	0.999565
261	1.00051
262	1.00141
263	1.00225
264	1.00299
265	1.00361
266	1.00411
267	1.00447
268	1.00471
269	1.00482
270	1.00483
271	1.00473
272	1.00453
273	1.00423
274	1.00384
275	1.00335
276	1.00277
277	1.0021
278	1.00135
279	1.00053
280	0.999662
281	0.998774
282	0.997898
283	0.997062
284	0.996299
285	0.995632
286	0.995077
287	0.994641
288	0.994326
289	0.994128
290	0.99404
291	0.994055
292	0.994167
293	0.994373
294	0.99467
295	0.995061
296	0.995547
297	0.996131
298	0.996808
299	0.997571
300	0.998402
301	0.999288
302	1.0002
303	1.00112
304	1.00201
305	1.00283
306	1.00356
307	1.00418
308	1.00467
309	1.00502
310	1.00524
311	1.00534
312	1.00532
313	1.0052
314	1.00498
315	1.00466
316	1.00425
317	1.00376
318	1.00318
319	1.00252
320	1.00179
321	1.001
322	1.00016
323	0.999309
324	0.998465
325	0.997658
326	0.996916
327	0.996262
328	0.995716
329	0.995288
330	0.994983
331	0.994799
332	0.994731
333	0.994768
334	0.994903
335	0.995133
336	0.995454
337	0.995864
338	0.996363
339	0.996953
340	0.997627
341	0.998381
342	0.999199
343	1.00007
344	1.00096
345	1.00185
346	1.00272
347	1.00352
348	1.00423
349	1.00483
350	1.00531
351	1.00565
352	1.00585
353	1.00593
354	1.0059
355	1.00576
356	1.00552
357	1.0052
358	1.00478
359	1.00428
360	1.00371
361	1.00305
362	1.00233
363	1.00155
364	1.00074
365	0.999905
366	0.999085
367	0.998302
368	0.997583
369	0.996952
370	0.996427
371	0.996022
372	0.995739
373	0.99558
374	0.995536
375	0.995602
376	0.99577
377	0.996034
378	0.996389
379	0.996824
380	0.997344
381	0.99794
382	0.998619
383	0.99937
384	1.00018
385	1.00104
386	1.00192
387	1.00279
388	1.00363
389	1.00442
390	1.00511
391	1.0057
392	1.00616
393	1.00648
394	1.00667
395	1.00673
396	1.00668
397	1.00652
398	1.00626
399	1.00591
400	1.00548
401	1.00498
402	1.00441
403	1.00376
404	1.00306
405	1.0023
406	1.00152
407	1.00072
408	0.99993
409	0.999182
410	0.998496
411	0.997897
412	0.9974
413	0.99702
414	0.996761
415	0.996627
416	0.99661
417	0.996705
418	0.996899
419	0.997185
420	0.997554
421	0.998004
422	0.998533
423	0.999137
424	0.999812
425	1.00055
426	1.00134
427	1.00218
428	1.00303
429	1.00387
430	1.00468
431	1.00542
432	1.00608
433	1.00663
434	1.00705
435	1.00735
436	1.00751
437	1.00754
438	1.00746
439	1.00727
440	1.00699
441	1.00663
442	1.00619
443	1.00567
444	1.00509
445	1.00445
446	1.00375
447	1.003
448	1.00222
449	1.00144
450	1.00066
451	0.999923
452	0.99925
453	0.998662
454	0.998178
455	0.99781
456	0.997564
457	0.997442
458	0.997436
459	0.997542
460	0.997746
461	0.99804
462	0.998416
463	0.998867
464	0.999392
465	0.999986
466	1.00065
467	1.00137
468	1.00213
469	1.00294
470	1.00375
471	1.00455
472	1.00532
473	1.00602
474	1.00664
475	1.00715
476	1.00754
477	1.00781
478	1.00794
479	1.00795
480	1.00785
481	1.00765
482	1.00736
483	1.00699
484	1.00654
485	1.00603
486	1.00545
487	1.00481
488	1.00411
489	1.00338
490	1.00262
491	1.00186
492	1.00111
493	1.0004
494	0.999752
495	0.999187
496	0.998729
497	0.998382
498	0.998155
499	0.998047
500	0.998055
501	0.998167
502	0.998375
503	0.998671
504	0.999045
505	0.999496
506	1.00002
507	1.00061
508	1.00127
509	1.00198
510	1.00273
511	1.00352
512	1.0043
513	1.00508
514	1.00582
515	1.00649
516	1.00708
517	1.00756
518	1.00792
519	1.00816
520	1.00828
521	1.00828
522	1.00817
523	1.00796
524	1.00767
525	1.0073
526	1.00686
527	1.00635
528	1.00578
529	1.00515
530	1.00446
531	1.00374
532	1.003
533	1.00225
534	1.00152
535	1.00084
536	1.00022
537	0.999679
538	0.999241
539	0.998916
540	0.998706
541	0.99861
542	0.998627
543	0.998749
544	0.998966
545	0.999272
546	0.999658
547	1.00012
548	1.00065
549	1.00124
550	1.0019
551	1.00261
552	1.00336
553	1.00413
554	1.0049
555	1.00566
556	1.00637
557	1.00701
558	1.00757
559	1.00802
560	1.00835
561	1.00857
562	1.00866
563	1.00864
564	1.00852
565	1.0083
566	1.008
567	1.00763
568	1.00717
569	1.00665
570	1.00606
571	1.00542
572	1.00473
573	1.00401
574	1.00327
575	1.00253
576	1.00182
577	1.00116
578	1.00057
579	1.00006
580	0.999661
581	0.999369
582	0.999191
583	0.999126
584	0.999168
585	0.999311
586	0.999544
587	0.999864
588	1.00026
589	1.00073
590	1.00127
591	1.00187
592	1.00254
593	1.00325
594	1.00399
595	1.00476
596	1.00552
597	1.00625
598	1.00693
599	1.00755
600	1.00807
601	1.00849
602	1.0088
603	1.00899
604	1.00905
605	1.00901
606	1.00887
607	1.00864
608	1.00832
609	1.00792
610	1.00746
611	1.00692
612	1.00633
613	1.00568
614	1.005
615	1.00428
616	1.00356
617	1.00284
618	1.00216
619	1.00152
620	1.00096
621	1.00049
622	1.00012
623	0.999857
624	0.999708
625	0.999669
626	0.999738
627	0.999904
628	1.00016
629	1.0005
630	1.00092
631	1.00141
632	1.00196
633	1.00258
634	1.00324
635	1.00396
636	1.0047
637	1.00545
638	1.0062
639	1.00691
640	1.00757
641	1.00816
642	1.00866
643	1.00905
644	1.00933
645	1.00949
646	1.00954
647	1.00947
648	1.00931
649	1.00905
650	1.00871
651	1.0083
652	1.00782
653	1.00728
654	1.00668
655	1.00603
656	1.00535
657	1.00464
658	1.00393
659	1.00323
660	1.00257
661	1.00196
662	1.00142
663	1.00097
664	1.00062
665	1.00038
666	1.00026
667	1.00024
668	1.00033
669	1.00052
670	1.00079
671	1.00115
672	1.00158
673	1.00208
674	1.00265
675	1.00327
676	1.00394
677	1.00465
678	1.00538
679	1.00612
680	1.00685
681	1.00754
682	1.00817
683	1.00873
684	1.00919
685	1.00955
686	1.0098
687	1.00994
688	1.00996
689	1.00987
690	1.00968
691	1.00941
692	1.00905
693	1.00862
694	1.00812
695	1.00757
696	1.00697
697	1.00632
698	1.00564
699	1.00494
700	1.00425
701	1.00357
702	1.00293
703	1.00235
704	1.00184
705	1.00142
706	1.0011
707	1.00088
708	1.00078
709	1.00078
710	1.00089
711	1.00109
712	1.00138
713	1.00176
714	1.0022
715	1.00272
716	1.00329
717	1.00391
718	1.00458
719	1.00527
720	1.00599
721	1.00671
722	1.00741
723	1.00807
724	1.00868
725	1.00921
726	1.00965
727	1.00998
728	1.0102
729	1.01031
730	1.0103
731	1.0102
732	1.00999
733	1.00969
734	1.00932
735	1.00887
736	1.00836
737	1.0078
738	1.00719
739	1.00654
740	1.00586
741	1.00518
742	1.00449
743	1.00383
744	1.00321
745	1.00265
746	1.00216
747	1.00176
748	1.00146
749	1.00126
750	1.00117
751	1.00118
752	1.0013
753	1.00151
754	1.00181
755	1.00219
756	1.00264
757	1.00315
758	1.00372
759	1.00434
760	1.005
761	1.00569
762	1.00639
763	1.00708
764	1.00776
765	1.00839
766	1.00897
767	1.00947
768	1.00988
769	1.01019
770	1.01039
771	1.01048
772	1.01046
773	1.01034
774	1.01012
775	1.00982
776	1.00944
777	1.00899
778	1.00848
779	1.00792
780	1.00731
781	1.00667
782	1.00601
783	1.00534
784	1.00468
785	1.00405
786	1.00345
787	1.00292
788	1.00245
789	1.00208
790	1.0018
791	1.00162
792	1.00155
793	1.00158
794	1.00171
795	1.00193
796	1.00224
797	1.00262
798	1.00307
799	1.00358
800	1.00415
801	1.00476
802	1.00541
803	1.00608
804	1.00676
805	1.00743
806	1.00808
807	1.00869
808	1.00924
809	1.00971
810	1.0101
811	1.01039
812	1.01058
813	1.01065
814	1.01062
815	1.01049
816	1.01027
817	1.00997
818	1.00958
819	1.00913
820	1.00863
821	1.00807
822	1.00747
823	1.00685
824	1.00621
825	1.00556
826	1.00492
827	1.00431
828	1.00375
829	1.00324
830	1.00281
831	1.00246
832	1.0022
833	1.00204
834	1.00199
835	1.00203
836	1.00217
837	1.0024
838	1.00271
839	1.0031
840	1.00355
841	1.00407
842	1.00463
843	1.00524
844	1.00588
845	1.00653
846	1.00719
847	1.00784
848	1.00847
849	1.00905
850	1.00958
851	1.01003
852	1.01039
853	1.01066
854	1.01082
855	1.01088
856	1.01084
857	1.0107
858	1.01047
859	1.01016
860	1.00978
861	1.00933
862	1.00883
863	1.00827
864	1.00768
865	1.00707
866	1.00644
867	1.00581
868	1.00519
869	1.00461
870	1.00406
871	1.00358
872	1.00316
873	1.00283
874	1.00259
875	1.00245
876	1.0024
877	1.00245
878	1.0026
879	1.00283
880	1.00314
881	1.00353
882	1.00399
883	1.0045
884	1.00506
885	1.00566
886	1.00629
887	1.00693
888	1.00758
889	1.00821
890	1.00882
891	1.00938
892	1.00988
893	1.01031
894	1.01065
895	1.0109
896	1.01105
897	1.0111
898	1.01105
899	1.0109
900	1.01067
901	1.01036
902	1.00997
903	1.00952
904	1.00901
905	1.00846
906	1.00788
907	1.00727
908	1.00665
909	1.00604
910	1.00544
911	1.00487
912	1.00435
913	1.00388
914	1.00349
915	1.00318
916	1.00296
917	1.00283
918	1.0028
919	1.00287
920	1.00302
921	1.00327
922	1.00359
923	1.00399
924	1.00445
925	1.00497
926	1.00554
927	1.00614
928	1.00677
929	1.00741
930	1.00804
931	1.00866
932	1.00925
933	1.00979
934	1.01027
935	1.01067
936	1.011
937	1.01122
938	1.01135
939	1.01137
940	1.01131
941	1.01114
942	1.01089
943	1.01056
944	1.01016
945	1.0097
946	1.00919
947	1.00863
948	1.00804
949	1.00743
950	1.00681
951	1.0062
952	1.0056
953	1.00505
954	1.00454
955	1.00409
956	1.00372
957	1.00342
958	1.00322
959	1.00311
960	1.0031
961	1.00317
962	1.00334
963	1.0036
964	1.00393
965	1.00434
966	1.0048
967	1.00532
968	1.00588
969	1.00648
970	1.0071
971	1.00773
972	1.00835
973	1.00896
974	1.00952
975	1.01004
976	1.0105
977	1.01088
978	1.01117
979	1.01137
980	1.01148
981	1.01149
982	1.0114
983	1.01123
984	1.01096
985	1.01063
986	1.01022
987	1.00976
988	1.00924
989	1.00868
990	1.00809
991	1.00749
992	1.00688
993	1.00627
994	1.0057
995	1.00516
996	1.00467
997	1.00425
998	1.00389
999	1.00363
1000	1.00345
1001	1.00336
1002	1.00336
1003	1.00346
1004	1.00364
1005	1.00391
1006	1.00425
1007	1.00465
1008	1.00512
1009	1.00564
1010	1.00621
1011	1.0068
1012	1.00741
1013	1.00803
1014	1.00864
1015	1.00923
1016	1.00978
1017	1.01028
1018	1.01071
1019	1.01106
1020	1.01133
1021	1.01151
1022	1.01159
1023	1.01158
1024	1.01148
1025	1.0113
1026	1.01103
1027	1.01068
1028	1.01027
1029	1.00981
1030	1.00929
1031	1.00873
1032	1.00815
1033	1.00755
1034	1.00695
1035	1.00636
1036	1.00579
1037	1.00527
1038	1.0048
1039	1.0044
1040	1.00407
1041	1.00382
1042	1.00366
1043	1.00359
1044	1.00361
1045	1.00372
1046	1.00391
1047	1.00418
1048	1.00453
1049	1.00494
1050	1.0054
1051	1.00592
1052	1.00648
1053	1.00707
1054	1.00767
1055	1.00827
1056	1.00887
1057	1.00944
1058	1.00996
1059	1.01043
1060	1.01084
1061	1.01117
1062	1.01141
1063	1.01156
1064	1.01162
1065	1.0116
1066	1.01148
1067	1.01128
1068	1.011
1069	1.01064
1070	1.01023
1071	1.00976
1072	1.00924
1073	1.00869
1074	1.00811
1075	1.00751
1076	1.00692
1077	1.00635
1078	1.0058
1079	1.00529
1080	1.00485
1081	1.00446
1082	1.00415
1083	1.00393
1084	1.00379
1085	1.00373
1086	1.00377
1087	1.00389
1088	1.00409
1089	1.00437
1090	1.00471
1091	1.00512
1092	1.00559
1093	1.00611
1094	1.00666
1095	1.00723
1096	1.00783
1097	1.00842
1098	1.00899
1099	1.00954
1100	1.01005
1101	1.01049
1102	1.01087
1103	1.01117
1104	1.01139
1105	1.01152
1106	1.01157
1107	1.01152
1108	1.01139
1109	1.01118
1110	1.01089
1111	1.01054
1112	1.01012
1113	1.00964
1114	1.00913
1115	1.00857
1116	1.008
1117	1.00742
1118	1.00684
1119	1.00627
1120	1.00574
1121	1.00526
1122	1.00483
1123	1.00447
1124	1.00418
1125	1.00397
1126	1.00385
1127	1.00382
1128	1.00387
1129	1.004
1130	1.00421
1131	1.00449
1132	1.00484
1133	1.00526
1134	1.00573
1135	1.00624
1136	1.00679
1137	1.00736
1138	1.00795
1139	1.00853
1140	1.00909
1141	1.00962
1142	1.01011
1143	1.01054
1144	1.0109
1145	1.01118
1146	1.01138
1147	1.01149
1148	1.01152
1149	1.01145
1150	1.01131
1151	1.01109
1152	1.01079
1153	1.01043
1154	1.01001
1155	1.00954
1156	1.00902
1157	1.00847
1158	1.00791
1159	1.00734
1160	1.00677
1161	1.00622
1162	1.00571
1163	1.00524
1164	1.00483
1165	1.00449
1166	1.00423
1167	1.00404
1168	1.00394
1169	1.00392
1170	1.00398
1171	1.00413
1172	1.00435
1173	1.00465
1174	1.00501
1175	1.00542
1176	1.00589
1177	1.00641
1178	1.00696
1179	1.00753
1180	1.0081
1181	1.00867
1182	1.00922
1183	1.00974
1184	1.01021
1185	1.01062
1186	1.01096
1187	1.01122
1188	1.01139
1189	1.01149
1190	1.0115
1191	1.01142
1192	1.01126
1193	1.01103
1194	1.01073
1195	1.01036
1196	1.00993
1197	1.00946
1198	1.00895
1199	1.0084
1200	1.00785
1201	1.00728
1202	1.00673
1203	1.00619
1204	1.0057
1205	1.00525
1206	1.00486
1207	1.00454
1208	1.0043
1209	1.00413
1210	1.00405
1211	1.00405
1212	1.00413
1213	1.00429
1214	1.00453
1215	1.00484
1216	1.00521
1217	1.00563
1218	1.0061
1219	1.00662
1220	1.00716
1221	1.00772
1222	1.00829
1223	1.00885
1224	1.00938
1225	1.00988
1226	1.01032
1227	1.01071
1228	1.01103
1229	1.01126
1230	1.01142
1231	1.01149
1232	1.01148
1233	1.01138
1234	1.01121
1235	1.01096
1236	1.01064
1237	1.01027
1238	1.00984
1239	1.00936
1240	1.00885
1241	1.00831
1242	1.00776
1243	1.00721
1244	1.00667
1245	1.00615
1246	1.00567
1247	1.00525
1248	1.00488
1249	1.00458
1250	1.00436
1251	1.00422
1252	1.00416
1253	1.00418
1254	1.00428
1255	1.00445
1256	1.0047
1257	1.00501
1258	1.00539
1259	1.00581
1260	1.00629
1261	1.0068
1262	1.00733
1263	1.00789
1264	1.00844
1265	1.00898
1266	1.0095
1267	1.00997
1268	1.0104
1269	1.01076
1270	1.01106
1271	1.01127
1272	1.01141
1273	1.01146
1274	1.01143
1275	1.01131
1276	1.01113
1277	1.01087
1278	1.01054
1279	1.01016
1280	1.00973
1281	1.00925
1282	1.00874
1283	1.00821
1284	1.00767
1285	1.00713
1286	1.0066
1287	1.00611
1288	1.00565
1289	1.00524
1290	1.00489
1291	1.00461
1292	1.00441
1293	1.00429
1294	1.00424
1295	1.00428
1296	1.00439
1297	1.00458
1298	1.00483
1299	1.00516
1300	1.00553
1301	1.00596
1302	1.00643
1303	1.00694
1304	1.00747
1305	1.00801
1306	1.00855
1307	1.00908
1308	1.00957
1309	1.01003
1310	1.01044
1311	1.01078
1312	1.01105
1313	1.01125
1314	1.01136
1315	1.01139
1316	1.01134
1317	1.01122
1318	1.01102
1319	1.01075
1320	1.01042
1321	1.01003
1322	1.0096
1323	1.00912
1324	1.00862
1325	1.00809
1326	1.00756
1327	1.00704
1328	1.00653
1329	1.00605
1330	1.00561
1331	1.00522
1332	1.0049
1333	1.00464
1334	1.00446
1335	1.00436
1336	1.00433
1337	1.00438
1338	1.00451
1339	1.00471
1340	1.00498
1341	1.00531
1342	1.00569
1343	1.00613
1344	1.0066
1345	1.0071
1346	1.00762
1347	1.00815
1348	1.00868
1349	1.00919
1350	1.00966
1351	1.0101
1352	1.01049
1353	1.01081
1354	1.01106
1355	1.01123
1356	1.01133
1357	1.01134
1358	1.01128
1359	1.01114
1360	1.01093
1361	1.01065
1362	1.01031
1363	1.00992
1364	1.00949
1365	1.00902
1366	1.00852
1367	1.00801
1368	1.00749
1369	1.00698
1370	1.00649
1371	1.00603
1372	1.00561
1373	1.00524
1374	1.00494
1375	1.0047
1376	1.00454
1377	1.00445
1378	1.00445
1379	1.00451
1380	1.00465
1381	1.00486
1382	1.00514
1383	1.00547
1384	1.00586
1385	1.00629
1386	1.00675
1387	1.00725
1388	1.00776
1389	1.00828
1390	1.00879
1391	1.00928
1392	1.00974
1393	1.01016
1394	1.01053
1395	1.01083
1396	1.01106
1397	1.01122
1398	1.0113
1399	1.0113
1400	1.01122
1401	1.01107
1402	1.01085
1403	1.01057
1404	1.01023
1405	1.00984
1406	1.00941
1407	1.00894
1408	1.00845
1409	1.00795
1410	1.00744
1411	1.00694
1412	1.00647
1413	1.00602
1414	1.00562
1415	1.00526
1416	1.00498
1417	1.00476
1418	1.00461
1419	1.00454
1420	1.00454
1421	1.00462
1422	1.00477
1423	1.00499
1424	1.00527
1425	1.0056
1426	1.00599
1427	1.00642
1428	1.00688
1429	1.00737
1430	1.00787
1431	1.00838
1432	1.00888
1433	1.00935
1434	1.0098
1435	1.0102
1436	1.01055
1437	1.01083
1438	1.01105
1439	1.01119
1440	1.01125
1441	1.01124
1442	1.01115
1443	1.01099
1444	1.01077
1445	1.01048
1446	1.01013
1447	1.00974
1448	1.00931
1449	1.00884
1450	1.00836
1451	1.00786
1452	1.00737
1453	1.00688
1454	1.00641
1455	1.00598
1456	1.0056
1457	1.00526
1458	1.00499
1459	1.00479
1460	1.00465
1461	1.00459
1462	1.00461
1463	1.0047
1464	1.00486
1465	1.00508
1466	1.00537
1467	1.00571
1468	1.00609
1469	1.00652
1470	1.00698
1471	1.00747
1472	1.00796
1473	1.00846
1474	1.00894
1475	1.00941
1476	1.00984
1477	1.01023
1478	1.01056
1479	1.01083
1480	1.01103
1481	1.01116
1482	1.01121
1483	1.01118
1484	1.01109
1485	1.01092
1486	1.01068
1487	1.01039
1488	1.01004
1489	1.00964
1490	1.00921
1491	1.00875
1492	1.00827
1493	1.00778
1494	1.00729
1495	1.00681
1496	1.00636
1497	1.00594
1498	1.00556
1499	1.00524
1500	1.00498
1501	1.00479
1502	1.00467
1503	1.00463
1504	1.00466
1505	1.00476
1506	1.00493
1507	1.00516
1508	1.00546
1509	1.0058
1510	1.00619
1511	1.00663
1512	1.00708
1513	1.00756
1514	1.00805
1515	1.00854
1516	1.00902
1517	1.00947
1518	1.00989
1519	1.01026
1520	1.01058
1521	1.01084
1522	1.01102
1523	1.01113
1524	1.01117
1525	1.01113
1526	1.01102
1527	1.01083
1528	1.01059
1529	1.01028
1530	1.00993
1531	1.00953
1532	1.0091
1533	1.00864
1534	1.00816
1535	1.00767
1536	1.00719
1537	1.00673
1538	1.00629
1539	1.00588
1540	1.00552
1541	1.00522
1542	1.00498
1543	1.0048
1544	1.0047
1545	1.00467
1546	1.00472
1547	1.00483
1548	1.00501
1549	1.00526
1550	1.00556
1551	1.00592
1552	1.00631
1553	1.00674
1554	1.0072
1555	1.00768
1556	1.00816
1557	1.00864
1558	1.00911
1559	1.00955
1560	1.00995
1561	1.01031
1562	1.01061
1563	1.01084
1564	1.01101
1565	1.0111
1566	1.01112
1567	1.01107
1568	1.01094
1569	1.01075
1570	1.01049
1571	1.01018
1572	1.00981
1573	1.00941
1574	1.00898
1575	1.00852
1576	1.00804
1577	1.00757
1578	1.00709
1579	1.00664
1580	1.00621
1581	1.00582
1582	1.00548
1583	1.00519
1584	1.00497
1585	1.00482
1586	1.00473
1587	1.00472
1588	1.00478
1589	1.00491
1590	1.00511
1591	1.00536
1592	1.00568
1593	1.00604
1594	1.00644
1595	1.00687
1596	1.00733
1597	1.0078
1598	1.00828
1599	1.00875
1600	1.0092
1601	1.00963
1602	1.01001
1603	1.01035
1604	1.01063
1605	1.01085
1606	1.01084
1607	1.01107
1608	1.01107
1609	1.01099
1610	1.01085
1611	1.01065
1612	1.01038
1613	1.01006
1614	1.00969
1615	1.00929
1616	1.00886
1617	1.00839
1618	1.00792
1619	1.00746
1620	1.007
1621	1.00656
1622	1.00614
1623	1.00577
1624	1.00545
1625	1.00518
1626	1.00498
1627	1.00485
1628	1.00478
1629	1.00478
1630	1.00486
1631	1.005
1632	1.00521
1633	1.00548
1634	1.0058
1635	1.00616
1636	1.00656
1637	1.00699
1638	1.00745
1639	1.00792
1640	1.00839
1641	1.00885
1642	1.00928
1643	1.00969
1644	1.01006
1645	1.01038
1646	1.01064
1647	1.01083
1648	1.01096
1649	1.01102
1650	1.011
1651	1.01092
1652	1.01077
1653	1.01055
1654	1.01028
1655	1.00995
1656	1.00958
1657	1.00918
1658	1.00875
1659	1.0083
1660	1.00783
1661	1.00738
1662	1.00693
1663	1.00651
1664	1.00611
1665	1.00576
1666	1.00546
1667	1.00521
1668	1.00502
1669	1.00491
1670	1.00486
1671	1.00488
1672	1.00497
1673	1.00512
1674	1.00534
1675	1.00561
1676	1.00593
1677	1.0063
1678	1.0067
1679	1.00713
1680	1.00758
1681	1.00804
1682	1.0085
1683	1.00895
1684	1.00937
1685	1.00976
1686	1.01011
1687	1.01042
1688	1.01066
1689	1.01084
1690	1.01096
1691	1.011
1692	1.01097
1693	1.01088
1694	1.01072
1695	1.0105
1696	1.01022
1697	1.00989
1698	1.00952
1699	1.00911
1700	1.00869
1701	1.00824
1702	1.00779
1703	1.00734
1704	1.00691
1705	1.0065
1706	1.00612
1707	1.00578
1708	1.0055
1709	1.00526
1710	1.00509
1711	1.00499
1712	1.00495
1713	1.00498
1714	1.00507
1715	1.00523
1716	1.00545
1717	1.00573
1718	1.00605
1719	1.00642
1720	1.00681
1721	1.00724
1722	1.00768
1723	1.00813
1724	1.00858
1725	1.00901
1726	1.00942
1727	1.00979
1728	1.01013
1729	1.01041
1730	1.01064
1731	1.0108
1732	1.0109
1733	1.01093
1734	1.01089
1735	1.01079
1736	1.01062
1737	1.01039
1738	1.01011
1739	1.00978
1740	1.00941
1741	1.00901
1742	1.00858
1743	1.00814
1744	1.0077
1745	1.00726
1746	1.00684
1747	1.00644
1748	1.00608
1749	1.00575
1750	1.00548
1751	1.00526
1752	1.0051
1753	1.005
1754	1.00497
1755	1.00501
1756	1.00512
1757	1.00528
1758	1.00551
1759	1.00578
1760	1.00611
1761	1.00647
1762	1.00687
1763	1.00729
1764	1.00773
1765	1.00817
1766	1.00861
1767	1.00903
1768	1.00943
1769	1.00979
1770	1.01012
1771	1.01039
1772	1.0106
1773	1.01076
1774	1.01085
1775	1.01087
1776	1.01082
1777	1.01071
1778	1.01053
1779	1.0103
1780	1.01001
1781	1.00968
1782	1.00931
1783	1.00891
1784	1.00849
1785	1.00805
1786	1.00761
1787	1.00718
1788	1.00677
1789	1.00638
1790	1.00602
1791	1.00571
1792	1.00545
1793	1.00524
1794	1.00509
1795	1.00501
1796	1.00499
1797	1.00504
1798	1.00515
1799	1.00532
1800	1.00555
1801	1.00583
1802	1.00616
1803	1.00653
1804	1.00693
1805	1.00735
1806	1.00778
1807	1.00822
1808	1.00865
1809	1.00907
1810	1.00946
1811	1.00981
1812	1.01012
1813	1.01038
1814	1.01058
1815	1.01072
1816	1.0108
1817	1.01081
1818	1.01075
1819	1.01063
1820	1.01045
1821	1.0102
1822	1.00991
1823	1.00958
1824	1.00921
1825	1.0088
1826	1.00838
1827	1.00795
1828	1.00752
1829	1.00709
1830	1.00669
1831	1.00631
1832	1.00597
1833	1.00566
1834	1.00541
1835	1.00522
1836	1.00509
1837	1.00502
1838	1.00501
1839	1.00508
1840	1.0052
1841	1.00538
1842	1.00562
1843	1.0059
1844	1.00624
1845	1.00661
1846	1.00701
1847	1.00743
1848	1.00786
1849	1.00829
1850	1.00872
1851	1.00912
1852	1.00951
1853	1.00985
1854	1.01015
1855	1.01039
1856	1.01058
1857	1.01071
1858	1.01077
1859	1.01076
1860	1.0107
1861	1.01056
1862	1.01038
1863	1.01013
1864	1.00983
1865	1.0095
1866	1.00912
1867	1.00872
1868	1.0083
1869	1.00787
1870	1.00744
1871	1.00702
1872	1.00663
1873	1.00626
1874	1.00593
1875	1.00564
1876	1.0054
1877	1.00523
1878	1.00511
1879	1.00505
1880	1.00506
1881	1.00513
1882	1.00526
1883	1.00545
1884	1.0057
1885	1.00599
1886	1.00632
1887	1.00669
1888	1.00709
1889	1.0075
1890	1.00793
1891	1.00836
1892	1.00877
1893	1.00917
1894	1.00954
1895	1.00987
1896	1.01015
1897	1.01039
1898	1.01056
1899	1.01067
1900	1.01072
1901	1.01071
1902	1.01063
1903	1.01049
1904	1.01029
1905	1.01005
1906	1.00975
1907	1.00941
1908	1.00904
1909	1.00864
1910	1.00823
1911	1.0078
1912	1.00738
1913	1.00697
1914	1.00658
1915	1.00623
1916	1.00591
1917	1.00563
1918	1.00541
1919	1.00525
1920	1.00514
1921	1.0051
1922	1.00511
1923	1.0052
1924	1.00533
1925	1.00553
1926	1.00577
1927	1.00607
1928	1.0064
1929	1.00677
1930	1.00716
1931	1.00758
1932	1.008
1933	1.00842
1934	1.00882
1935	1.00921
1936	1.00957
1937	1.00989
1938	1.01016
1939	1.01038
1940	1.01054
1941	1.01064
1942	1.01068
1943	1.01066
1944	1.01057
1945	1.01043
1946	1.01023
1947	1.00997
1948	1.00968
1949	1.00934
1950	1.00897
1951	1.00858
1952	1.00816
1953	1.00775
1954	1.00733
1955	1.00693
1956	1.00655
1957	1.0062
1958	1.0059
1959	1.00564
1960	1.00543
1961	1.00527
1962	1.00518
1963	1.00514
1964	1.00517
1965	1.00525
1966	1.0054
1967	1.00559
1968	1.00584
1969	1.00614
1970	1.00647
1971	1.00683
1972	1.00722
1973	1.00763
1974	1.00804
1975	1.00846
1976	1.00885
1977	1.00923
1978	1.00958
1979	1.00988
1980	1.01014
1981	1.01035
1982	1.0105
1983	1.01059
1984	1.01062
1985	1.01059
1986	1.0105
1987	1.01035
1988	1.01015
1989	1.00989
1990	1.00959
1991	1.00926
1992	1.00889
1993	1.0085
1994	1.0081
1995	1.00769
1996	1.00728
1997	1.00689
1998	1.00653
1999	1.00619
2000	1.00589