Simulationsschritt	Durchschnittsdichte
0	1.00084
1	1.00082
2	1.00079
3	1.00076
4	1.00075
5	1.00074
6	1.00072
7	1.00071
8	1.0007
9	1.00069
10	1.00068
11	1.00068
12	1.00068
13	1.00068
14	1.00068
15	1.00069
16	1.00069
17	1.00071
18	1.00071
19	1.00072
20	1.00074
21	1.00075
22	1.00076
23	1.00077
24	1.00079
25	1.00081
26	1.00082
27	1.00084
28	1.00086
29	1.00088
30	1.0009
31	1.00093
32	1.00096
33	1.00099
34	1.00102
35	1.00105
36	1.00108
37	1.00111
38	1.00114
39	1.00117
40	1.00119
41	1.00122
42	1.00124
43	1.00126
44	1.00127
45	1.00129
46	1.00129
47	1.0013
48	1.00131
49	1.00131
50	1.00131
51	1.00131
52	1.0013
53	1.00129
54	1.00128
55	1.00128
56	1.00126
57	1.00125
58	1.00123
59	1.00121
60	1.0012
61	1.00118
62	1.00118
63	1.00118
64	1.00119
65	1.00119
66	1.00119
67	1.00119
68	1.0012
69	1.0012
70	1.00121
71	1.00121
72	1.00121
73	1.00121
74	1.00121
75	1.00121
76	1.00121
77	1.00122
78	1.00122
79	1.00122
80	1.00123
81	1.00123
82	1.00123
83	1.00123
84	1.00122
85	1.00122
86	1.00121
87	1.0012
88	1.00119
89	1.00117
90	1.00116
91	1.00114
92	1.00112
93	1.0011
94	1.00108
95	1.00106
96	1.00103
97	1.001
98	1.00098
99	1.00095
100	1.00092
101	1.00089
102	1.00086
103	1.00084
104	1.00082
105	1.00081
106	1.0008
107	1.00079
108	1.00079
109	1.00078
110	1.00078
111	1.00077
112	1.00076
113	1.00076
114	1.00075
115	1.00074
116	1.00073
117	1.00072
118	1.00072
119	1.00071
120	1.00071
121	1.00071
122	1.00071
123	1.00071
124	1.0007
125	1.0007
126	1.0007
127	1.00069
128	1.00069
129	1.00069
130	1.00069
131	1.00069
132	1.0007
133	1.0007
134	1.0007
135	1.00069
136	1.0007
137	1.0007
138	1.0007
139	1.00071
140	1.00072
141	1.00073
142	1.00074
143	1.00074
144	1.00074
145	1.00073
146	1.00073
147	1.00074
148	1.00075
149	1.00075
150	1.00075
151	1.00076
152	1.00077
153	1.00079
154	1.0008
155	1.00081
156	1.00083
157	1.00084
158	1.00086
159	1.00087
160	1.00089
161	1.0009
162	1.00092
163	1.00093
164	1.00095
165	1.00097
166	1.00099
167	1.00101
168	1.00103
169	1.00105
170	1.00107
171	1.00109
172	1.00111
173	1.00113
174	1.00115
175	1.00116
176	1.00117
177	1.00117
178	1.00118
179	1.00119
180	1.0012
181	1.00122
182	1.00123
183	1.00124
184	1.00126
185	1.00127
186	1.00129
187	1.0013
188	1.00132
189	1.00132
190	1.00133
191	1.00133
192	1.00132
193	1.00132
194	1.00131
195	1.00132
196	1.00131
197	1.00131
198	1.0013
199	1.0013
200	1.0013
201	1.0013
202	1.0013
203	1.0013
204	1.00129
205	1.00129
206	1.00129
207	1.00128
208	1.00127
209	1.00126
210	1.00126
211	1.00125
212	1.00125
213	1.00125
214	1.00125
215	1.00125
216	1.00123
217	1.00121
218	1.00119
219	1.00117
220	1.00117
221	1.00116
222	1.00116
223	1.00115
224	1.00115
225	1.00114
226	1.00113
227	1.00112
228	1.0011
229	1.00109
230	1.00106
231	1.00104
232	1.00101
233	1.00099
234	1.00096
235	1.00094
236	1.00092
237	1.0009
238	1.00089
239	1.00088
240	1.00087
241	1.00086
242	1.00086
243	1.00085
244	1.00082
245	1.00081
246	1.00079
247	1.00078
248	1.00078
249	1.00077
250	1.00077
251	1.00076
252	1.00076
253	1.00076
254	1.00075
255	1.00074
256	1.00073
257	1.00072
258	1.00071
259	1.0007
260	1.00068
261	1.00067
262	1.00067
263	1.00067
264	1.00067
265	1.00066
266	1.00066
267	1.00066
268	1.00067
269	1.0007
270	1.00072
271	1.00074
272	1.00073
273	1.00074
274	1.00075
275	1.00075
276	1.00075
277	1.00076
278	1.00075
279	1.00074
280	1.00074
281	1.00073
282	1.00073
283	1.00073
284	1.00073
285	1.00075
286	1.00077
287	1.00078
288	1.00079
289	1.0008
290	1.00082
291	1.00081
292	1.00082
293	1.00083
294	1.00083
295	1.00083
296	1.00084
297	1.00086
298	1.00086
299	1.00086
300	1.00087
301	1.00089
302	1.00092
303	1.00093
304	1.00093
305	1.00094
306	1.00095
307	1.00093
308	1.00094
309	1.00095
310	1.00095
311	1.00097
312	1.00097
313	1.00097
314	1.00098
315	1.00099
316	1.00101
317	1.00101
318	1.00101
319	1.00101
320	1.00101
321	1.00102
322	1.00102
323	1.00103
324	1.00103
325	1.00102
326	1.001
327	1.00101
328	1.00102
329	1.00104
330	1.00106
331	1.00106
332	1.00107
333	1.00106
334	1.00107
335	1.00109
336	1.0011
337	1.00111
338	1.0011
339	1.0011
340	1.00111
341	1.00112
342	1.00112
343	1.00111
344	1.00111
345	1.0011
346	1.0011
347	1.0011
348	1.00109
349	1.00108
350	1.00107
351	1.00105
352	1.00104
353	1.00104
354	1.00103
355	1.00103
356	1.00104
357	1.00103
358	1.00102
359	1.00101
360	1.00101
361	1.00101
362	1.00101
363	1.00102
364	1.00102
365	1.00102
366	1.00102
367	1.00103
368	1.00103
369	1.00102
370	1.00102
371	1.00102
372	1.00101
373	1.001
374	1.00099
375	1.00099
376	1.00099
377	1.00098
378	1.00098
379	1.00097
380	1.00098
381	1.00098
382	1.00097
383	1.00097
384	1.00096
385	1.00096
386	1.00096
387	1.00096
388	1.00096
389	1.00096
390	1.00096
391	1.00096
392	1.00096
393	1.00096
394	1.00096
395	1.00096
396	1.00094
397	1.00093
398	1.00093
399	1.00091
400	1.00091
401	1.00091
402	1.00092
403	1.00092
404	1.00093
405	1.00093
406	1.00093
407	1.00093
408	1.00094
409	1.00094
410	1.00094
411	1.00096
412	1.00096
413	1.00097
414	1.00097
415	1.00098
416	1.00098
417	1.00098
418	1.00098
419	1.00098
420	1.00099
421	1.001
422	1.001
423	1.001
424	1.001
425	1.001
426	1.001
427	1.001
428	1.001
429	1.001
430	1.001
431	1.001
432	1.00101
433	1.00101
434	1.00101
435	1.00102
436	1.00102
437	1.00102
438	1.00102
439	1.00102
440	1.00101
441	1.00101
442	1.001
443	1.001
444	1.00099
445	1.00098
446	1.00098
447	1.00097
448	1.00096
449	1.00096
450	1.00096
451	1.00096
452	1.00096
453	1.00096
454	1.00097
455	1.00097
456	1.00096
457	1.00096
458	1.00097
459	1.00096
460	1.00096
461	1.00096
462	1.00096
463	1.00096
464	1.00096
465	1.00096
466	1.00096
467	1.00096
468	1.00095
469	1.00096
470	1.00096
471	1.00095
472	1.00095
473	1.00096
474	1.00096
475	1.00097
476	1.00098
477	1.00098
478	1.00099
479	1.001
480	1.00099
481	1.001
482	1.001
483	1.00099
484	1.001
485	1.001
486	1.001
487	1.001
488	1.001
489	1.00099
490	1.00099
491	1.00099
492	1.00098
493	1.00098
494	1.00098
495	1.00098
496	1.00098
497	1.00098
498	1.00098
499	1.00098
500	1.00099
501	1.00099
502	1.00099
503	1.00099
504	1.001
505	1.001
506	1.001
507	1.001
508	1.001
509	1.001
510	1.001
511	1.001
512	1.001
513	1.00101
514	1.00101
515	1.00102
516	1.00102
517	1.00103
518	1.00103
519	1.00104
520	1.00105
521	1.00105
522	1.00106
523	1.00107
524	1.00107
525	1.00108
526	1.00108
527	1.00108
528	1.00108
529	1.00108
530	1.00107
531	1.00106
532	1.00106
533	1.00105
534	1.00104
535	1.00104
536	1.00103
537	1.00102
538	1.00101
539	1.001
540	1.00099
541	1.00099
542	1.00099
543	1.00099
544	1.00099
545	1.00099
546	1.00099
547	1.00098
548	1.00099
549	1.00099
550	1.00098
551	1.00098
552	1.00098
553	1.00098
554	1.00098
555	1.00098
556	1.00098
557	1.00097
558	1.00098
559	1.00098
560	1.00098
561	1.00098
562	1.00099
563	1.00099
564	1.001
565	1.00101
566	1.00101
567	1.00102
568	1.00103
569	1.00104
570	1.00105
571	1.00105
572	1.00105
573	1.00106
574	1.00106
575	1.00106
576	1.00106
577	1.00105
578	1.00105
579	1.00104
580	1.00103
581	1.00103
582	1.00102
583	1.00101
584	1.00101
585	1.001
586	1.00099
587	1.00099
588	1.00098
589	1.00097
590	1.00096
591	1.00096
592	1.00096
593	1.00095
594	1.00095
595	1.00095
596	1.00095
597	1.00095
598	1.00095
599	1.00095
600	1.00094
601	1.00094
602	1.00094
603	1.00094
604	1.00093
605	1.00093
606	1.00094
607	1.00094
608	1.00095
609	1.00096
610	1.00097
611	1.00097
612	1.00098
613	1.00099
614	1.00099
615	1.001
616	1.00101
617	1.00102
618	1.00103
619	1.00104
620	1.00104
621	1.00104
622	1.00104
623	1.00104
624	1.00104
625	1.00104
626	1.00104
627	1.00103
628	1.00103
629	1.00102
630	1.00102
631	1.00101
632	1.00101
633	1.001
634	1.00099
635	1.00099
636	1.00098
637	1.00098
638	1.00097
639	1.00097
640	1.00096
641	1.00096
642	1.00096
643	1.00096
644	1.00095
645	1.00095
646	1.00095
647	1.00095
648	1.00095
649	1.00095
650	1.00096
651	1.00096
652	1.00097
653	1.00097
654	1.00098
655	1.00099
656	1.001
657	1.00101
658	1.00101
659	1.00102
660	1.00103
661	1.00104
662	1.00104
663	1.00105
664	1.00106
665	1.00106
666	1.00107
667	1.00107
668	1.00107
669	1.00107
670	1.00107
671	1.00107
672	1.00107
673	1.00107
674	1.00106
675	1.00106
676	1.00106
677	1.00106
678	1.00106
679	1.00105
680	1.00105
681	1.00104
682	1.00104
683	1.00104
684	1.00103
685	1.00103
686	1.00102
687	1.00102
688	1.00101
689	1.00101
690	1.001
691	1.001
692	1.001
693	1.001
694	1.00099
695	1.00099
696	1.00099
697	1.00099
698	1.00099
699	1.00099
700	1.00099
701	1.001
702	1.001
703	1.00101
704	1.00102
705	1.00103
706	1.00104
707	1.00104
708	1.00104
709	1.00105
710	1.00105
711	1.00105
712	1.00105
713	1.00105
714	1.00104
715	1.00104
716	1.00103
717	1.00102
718	1.00102
719	1.00101
720	1.001
721	1.001
722	1.00099
723	1.00099
724	1.00098
725	1.00098
726	1.00098
727	1.00097
728	1.00097
729	1.00097
730	1.00097
731	1.00097
732	1.00097
733	1.00097
734	1.00097
735	1.00097
736	1.00096
737	1.00096
738	1.00096
739	1.00096
740	1.00096
741	1.00096
742	1.00096
743	1.00096
744	1.00096
745	1.00096
746	1.00096
747	1.00097
748	1.00098
749	1.00098
750	1.00099
751	1.001
752	1.00101
753	1.00102
754	1.00102
755	1.00103
756	1.00103
757	1.00104
758	1.00104
759	1.00104
760	1.00103
761	1.00103
762	1.00103
763	1.00102
764	1.00101
765	1.001
766	1.00099
767	1.00099
768	1.00098
769	1.00097
770	1.00097
771	1.00096
772	1.00096
773	1.00096
774	1.00096
775	1.00096
776	1.00096
777	1.00096
778	1.00097
779	1.00097
780	1.00098
781	1.00098
782	1.00099
783	1.001
784	1.001
785	1.001
786	1.00101
787	1.00101
788	1.00101
789	1.00102
790	1.00102
791	1.00102
792	1.00102
793	1.00103
794	1.00103
795	1.00104
796	1.00104
797	1.00104
798	1.00105
799	1.00105
800	1.00105
801	1.00106
802	1.00106
803	1.00106
804	1.00106
805	1.00106
806	1.00106
807	1.00105
808	1.00105
809	1.00104
810	1.00103
811	1.00103
812	1.00102
813	1.00101
814	1.001
815	1.00099
816	1.00099
817	1.00098
818	1.00097
819	1.00097
820	1.00097
821	1.00096
822	1.00096
823	1.00097
824	1.00097
825	1.00097
826	1.00097
827	1.00098
828	1.00098
829	1.00099
830	1.00099
831	1.00099
832	1.00099
833	1.001
834	1.001
835	1.00101
836	1.00101
837	1.00101
838	1.00101
839	1.00101
840	1.00102
841	1.00102
842	1.00102
843	1.00102
844	1.00102
845	1.00102
846	1.00102
847	1.00101
848	1.00101
849	1.00101
850	1.001
851	1.001
852	1.001
853	1.00099
854	1.00099
855	1.00098
856	1.00098
857	1.00097
858	1.00097
859	1.00097
860	1.00096
861	1.00096
862	1.00096
863	1.00095
864	1.00095
865	1.00095
866	1.00095
867	1.00095
868	1.00095
869	1.00095
870	1.00096
871	1.00096
872	1.00096
873	1.00097
874	1.00097
875	1.00097
876	1.00098
877	1.00098
878	1.00099
879	1.00099
880	1.00099
881	1.001
882	1.001
883	1.00101
884	1.00101
885	1.00101
886	1.00102
887	1.00102
888	1.00102
889	1.00102
890	1.00102
891	1.00102
892	1.00102
893	1.00102
894	1.00102
895	1.00101
896	1.00101
897	1.00101
898	1.001
899	1.001
900	1.00099
901	1.00099
902	1.00098
903	1.00098
904	1.00098
905	1.00097
906	1.00097
907	1.00097
908	1.00097
909	1.00096
910	1.00097
911	1.00096
912	1.00097
913	1.00097
914	1.00097
915	1.00097
916	1.00098
917	1.00098
918	1.00098
919	1.00099
920	1.00099
921	1.00099
922	1.00099
923	1.001
924	1.001
925	1.001
926	1.001
927	1.001
928	1.001
929	1.001
930	1.001
931	1.001
932	1.001
933	1.001
934	1.001
935	1.001
936	1.001
937	1.001
938	1.00101
939	1.00101
940	1.00101
941	1.00101
942	1.00101
943	1.00102
944	1.00102
945	1.00102
946	1.00102
947	1.00102
948	1.00102
949	1.00102
950	1.00102
951	1.00102
952	1.00102
953	1.00102
954	1.00102
955	1.00102
956	1.00102
957	1.00102
958	1.00102
959	1.00102
960	1.00102
961	1.00102
962	1.00102
963	1.00103
964	1.00103
965	1.00103
966	1.00104
967	1.00104
968	1.00104
969	1.00104
970	1.00104
971	1.00104
972	1.00104
973	1.00104
974	1.00103
975	1.00103
976	1.00102
977	1.00102
978	1.00102
979	1.00101
980	1.001
981	1.001
982	1.00099
983	1.00098
984	1.00098
985	1.00097
986	1.00097
987	1.00096
988	1.00096
989	1.00095
990	1.00095
991	1.00095
992	1.00095
993	1.00095
994	1.00095
995	1.00095
996	1.00095
997	1.00095
998	1.00095
999	1.00095
1000	1.00096
1001	1.00096
1002	1.00096
1003	1.00097
1004	1.00098
1005	1.00098
1006	1.00099
1007	1.00099
1008	1.001
1009	1.001
1010	1.00101
1011	1.00101
1012	1.00102
